---
LastNumber: 4
X1: 121.825989
Y1: 71.000003
Z1: 130.595612
Text1: LoL
X2: 120.975693
Y2: 70.000003
Z2: 129.303101
Text2: Test
X3: 116.594139
Y3: 72.000003
Z3: 127.570099
Text3: Test
X4: 116.016350
Y4: 72.000003
Z4: 132.190399
Text4: LoL
...
